image_width: 752
image_height: 480
camera_name: 15398989
camera_matrix:
  rows: 3
  cols: 3
  data: [282.584830, 0.000000, 390.492915, 0.000000, 282.776874, 238.002790, 0.000000, 0.000000, 1.000000]
distortion_model: plumb_bob
distortion_coefficients:
  rows: 1
  cols: 5
  data: [-0.005630, 0.002095, -0.000342, 0.001778, 0.000000]
rectification_matrix:
  rows: 3
  cols: 3
  data: [1.000000, 0.000000, 0.000000, 0.000000, 1.000000, 0.000000, 0.000000, 0.000000, 1.000000]
projection_matrix:
  rows: 3
  cols: 4
  data: [281.916138, 0.000000, 392.691135, 0.000000, 0.000000, 282.970062, 237.158985, 0.000000, 0.000000, 0.000000, 1.000000, 0.000000]
