image_width: 752
image_height: 480
camera_name: 15398981
camera_matrix:
  rows: 3
  cols: 3
  data: [284.929536, 0.000000, 377.460403, 0.000000, 285.124702, 239.409333, 0.000000, 0.000000, 1.000000]
distortion_model: plumb_bob
distortion_coefficients:
  rows: 1
  cols: 5
  data: [0.003469, 0.002289, 0.001068, 0.000844, 0.000000]
rectification_matrix:
  rows: 3
  cols: 3
  data: [1.000000, 0.000000, 0.000000, 0.000000, 1.000000, 0.000000, 0.000000, 0.000000, 1.000000]
projection_matrix:
  rows: 3
  cols: 4
  data: [290.927460, 0.000000, 378.184285, 0.000000, 0.000000, 290.958710, 240.000906, 0.000000, 0.000000, 0.000000, 1.000000, 0.000000]
