image_width: 1280
image_height: 960
camera_name: 16277234
camera_matrix:
  rows: 3
  cols: 3
  data: [1203.149866341886, 0, 652.5792324928811, 0, 1203.986139188271, 412.2238227287638, 0, 0, 1]
distortion_model: plumb_bob
distortion_coefficients:
  rows: 1
  cols: 5
  data: [-0.3115618682222212, -0.01938896720384697, 0.00980557364858772, -0.002896700334160699, 0]
rectification_matrix:
  rows: 3
  cols: 3
  data: [0.9850963913940037, -0.02515308485381721, -0.1701541124535295, 0.01823026946549338, 0.9989459515331056, -0.04212651410731655, 0.1710343735560989, 0.03839672170843642, 0.9845165995676851]
projection_matrix:
  rows: 3
  cols: 4
  data: [1149.665180488695, 0, 866.8182106018066, -1257.037320212132, 0, 1149.665180488695, 458.6866798400879, 0, 0, 0, 1, 0]